{
 "cells": [
  {
   "cell_type": "code",
   "execution_count": null,
   "metadata": {},
   "outputs": [],
   "source": [
    "import pandas as pd\n",
    "\n",
    "def hebing(data, lable_num_list):\n",
    "    df = data.iloc[0:,lable_num_list]\n",
    "    df['Col_sum'] = df.apply(lambda x: x.sum(), axis=1)\n",
    "    data['hebing'] = df['Col_sum']\n",
    "\n",
    "\n",
    "data_set = pd.read_csv(\"youziyuan.csv\")\n",
    "hebing(data_set,[12,14,16])\n",
    "data_set.rename(index=str, columns={\"hebing\": \"infantry_add_sumvalue\"})\n",
    "# hebing(data_set,[13,15,17])\n",
    "# data_set.rename(index=str, columns={\"hebing\": \"infantry_reduce_sumvalue\"})\n",
    "# hebing(data_set,[18,20,22])\n",
    "# data_set.rename(index=str, columns={\"hebing\": \"wound_infantry_add_sumvalue\"})\n",
    "# hebing(data_set,[19,21,23])\n",
    "# data_set.rename(index=str, columns={\"hebing\": \"wound_infantry_reduce_sumvalue\"})\n",
    "# data_set.drop(columns=data_set.columns[12:24])\n",
    "print data_set.columns"
   ]
  },
  {
   "cell_type": "code",
   "execution_count": 21,
   "metadata": {},
   "outputs": [
    {
     "name": "stdout",
     "output_type": "stream",
     "text": [
      "87\n"
     ]
    }
   ],
   "source": [
    "import pandas as pd\n",
    "data_set = pd.read_csv(\"youziyuan_0719.csv\")\n",
    "print len(data_set.columns)"
   ]
  },
  {
   "cell_type": "code",
   "execution_count": 45,
   "metadata": {
    "scrolled": true
   },
   "outputs": [
    {
     "name": "stdout",
     "output_type": "stream",
     "text": [
      "[[1.         0.9645036  0.98564518 0.94840105 0.96569951 0.93606938]\n",
      " [0.9645036  1.         0.93662625 0.97031681 0.92451235 0.96760956]\n",
      " [0.98564518 0.93662625 1.         0.95957446 0.95089924 0.91291343]\n",
      " [0.94840105 0.97031681 0.95957446 1.         0.90705567 0.94836271]\n",
      " [0.96569951 0.92451235 0.95089924 0.90705567 1.         0.93380485]\n",
      " [0.93606938 0.96760956 0.91291343 0.94836271 0.93380485 1.        ]]\n",
      "[[1.         0.89147267 0.72579059 0.67185397 0.17451307 0.16128518]\n",
      " [0.89147267 1.         0.70646216 0.80177102 0.17345124 0.19094118]\n",
      " [0.72579059 0.70646216 1.         0.8811064  0.20260567 0.18634435]\n",
      " [0.67185397 0.80177102 0.8811064  1.         0.19162429 0.21553866]\n",
      " [0.17451307 0.17345124 0.20260567 0.19162429 1.         0.99387338]\n",
      " [0.16128518 0.19094118 0.18634435 0.21553866 0.99387338 1.        ]]\n",
      "[[1.         0.98161177 0.73003012 0.71190134 0.117826   0.10884042]\n",
      " [0.98161177 1.         0.69805583 0.71734775 0.11516358 0.11184871]\n",
      " [0.73003012 0.69805583 1.         0.97224932 0.16500697 0.15236814]\n",
      " [0.71190134 0.71734775 0.97224932 1.         0.16269928 0.15822965]\n",
      " [0.117826   0.11516358 0.16500697 0.16269928 1.         0.99918918]\n",
      " [0.10884042 0.11184871 0.15236814 0.15822965 0.99918918 1.        ]]\n",
      "[[1.         0.95003782 0.82769635 0.76368067 0.51827493 0.23212874]\n",
      " [0.95003782 1.         0.81238703 0.7884146  0.46890047 0.23417961]\n",
      " [0.82769635 0.81238703 1.         0.89450442 0.51720832 0.25155242]\n",
      " [0.76368067 0.7884146  0.89450442 1.         0.4384653  0.28341427]\n",
      " [0.51827493 0.46890047 0.51720832 0.4384653  1.         0.39792166]\n",
      " [0.23212874 0.23417961 0.25155242 0.28341427 0.39792166 1.        ]]\n",
      "[[1.         0.71677686 0.74477914 0.74517696 0.73681272 0.73687037]\n",
      " [0.71677686 1.         0.6465235  0.65575851 0.78169259 0.74825855]\n",
      " [0.74477914 0.6465235  1.         0.85220962 0.64800327 0.62522434]\n",
      " [0.74517696 0.65575851 0.85220962 1.         0.63359078 0.62373505]\n",
      " [0.73681272 0.78169259 0.64800327 0.63359078 1.         0.8250473 ]\n",
      " [0.73687037 0.74825855 0.62522434 0.62373505 0.8250473  1.        ]]\n",
      "[[1.         0.51189223 0.69469596 0.50376175 0.49570937 0.53873223]\n",
      " [0.51189223 1.         0.54425507 0.67446675 0.67226225 0.6932974 ]\n",
      " [0.69469596 0.54425507 1.         0.54246196 0.53782029 0.5788247 ]\n",
      " [0.50376175 0.67446675 0.54246196 1.         0.86888221 0.82620516]\n",
      " [0.49570937 0.67226225 0.53782029 0.86888221 1.         0.80884458]\n",
      " [0.53873223 0.6932974  0.5788247  0.82620516 0.80884458 1.        ]]\n",
      "[[1.         0.89407279 0.83964717 0.52795244 0.50635146 0.45482012]\n",
      " [0.89407279 1.         0.87956511 0.53806251 0.52328019 0.46714688]\n",
      " [0.83964717 0.87956511 1.         0.5874815  0.5699398  0.51634916]\n",
      " [0.52795244 0.53806251 0.5874815  1.         0.86995091 0.84208363]\n",
      " [0.50635146 0.52328019 0.5699398  0.86995091 1.         0.87487179]\n",
      " [0.45482012 0.46714688 0.51634916 0.84208363 0.87487179 1.        ]]\n",
      "[[1.         0.59903064 0.55456722 0.83513805 0.54189542 0.51524375]\n",
      " [0.59903064 1.         0.64558423 0.58050382 0.83887017 0.59514831]\n",
      " [0.55456722 0.64558423 1.         0.55294254 0.59928139 0.83876252]\n",
      " [0.83513805 0.58050382 0.55294254 1.         0.64591815 0.58628154]\n",
      " [0.54189542 0.83887017 0.59928139 0.64591815 1.         0.67238091]\n",
      " [0.51524375 0.59514831 0.83876252 0.58628154 0.67238091 1.        ]]\n",
      "[[1.         0.32013259 0.6848475  0.63992889 0.26530428 0.58936041]\n",
      " [0.32013259 1.         0.24203912 0.32287163 0.71236857 0.29230043]\n",
      " [0.6848475  0.24203912 1.         0.53439853 0.2130141  0.57980009]\n",
      " [0.63992889 0.32287163 0.53439853 1.         0.35260577 0.71799716]\n",
      " [0.26530428 0.71236857 0.2130141  0.35260577 1.         0.31732719]\n",
      " [0.58936041 0.29230043 0.57980009 0.71799716 0.31732719 1.        ]]\n",
      "[[1.         0.69840333 0.48490027 0.52502285 0.46083398 0.13022216]\n",
      " [0.69840333 1.         0.47887303 0.54531946 0.43268148 0.11143096]\n",
      " [0.48490027 0.47887303 1.         0.75378681 0.78139717 0.32457218]\n",
      " [0.52502285 0.54531946 0.75378681 1.         0.76370392 0.2769878 ]\n",
      " [0.46083398 0.43268148 0.78139717 0.76370392 1.         0.3174627 ]\n",
      " [0.13022216 0.11143096 0.32457218 0.2769878  0.3174627  1.        ]]\n"
     ]
    }
   ],
   "source": [
    "import numpy as np\n",
    "#计算相关性矩阵\n",
    "data_set_demo1 = data_set.iloc[0:,range(2,6)+range(8,10)]\n",
    "data_set_array1 = array(data_set_demo1)\n",
    "print np.corrcoef(data_set_array1, rowvar=0)\n",
    "data_set_demo2 = data_set.iloc[0:,range(12,18)]\n",
    "data_set_array2 = array(data_set_demo2)\n",
    "print np.corrcoef(data_set_array2, rowvar=0)\n",
    "data_set_demo3 = data_set.iloc[0:,range(18,24)]\n",
    "data_set_array3 = array(data_set_demo3)\n",
    "print np.corrcoef(data_set_array3, rowvar=0)\n",
    "data_set_demo4 = data_set.iloc[0:,range(28,34)]\n",
    "data_set_array4 = array(data_set_demo4)\n",
    "print np.corrcoef(data_set_array4, rowvar=0)\n",
    "data_set_demo5 = data_set.iloc[0:,range(34,40)]\n",
    "data_set_array5 = array(data_set_demo5)\n",
    "print np.corrcoef(data_set_array5, rowvar=0)\n",
    "data_set_demo6 = data_set.iloc[0:,range(44,50)]\n",
    "data_set_array6 = array(data_set_demo6)\n",
    "print np.corrcoef(data_set_array6, rowvar=0)\n",
    "data_set_demo7 = data_set.iloc[0:,range(52,58)]\n",
    "data_set_array7 = array(data_set_demo7)\n",
    "print np.corrcoef(data_set_array7, rowvar=0)\n",
    "data_set_demo8 = data_set.iloc[0:,range(62,68)]\n",
    "data_set_array8 = array(data_set_demo8)\n",
    "print np.corrcoef(data_set_array8, rowvar=0)\n",
    "data_set_demo9 = data_set.iloc[0:,[75,76,78,79,80,82]]\n",
    "data_set_array9 = array(data_set_demo9)\n",
    "print np.corrcoef(data_set_array9, rowvar=0)\n",
    "data_set_demo0 = data_set.iloc[0:,range(86,92)]\n",
    "data_set_array0 = array(data_set_demo0)\n",
    "print np.corrcoef(data_set_array0, rowvar=0)"
   ]
  },
  {
   "cell_type": "code",
   "execution_count": 19,
   "metadata": {
    "scrolled": true
   },
   "outputs": [
    {
     "name": "stdout",
     "output_type": "stream",
     "text": [
      "[[1.         0.97095008 0.91839315 0.48869203 0.45034279 0.50435056]\n",
      " [0.97095008 1.         0.97008034 0.47534121 0.44872586 0.47167299]\n",
      " [0.91839315 0.97008034 1.         0.45820803 0.43846214 0.46165674]\n",
      " [0.48869203 0.47534121 0.45820803 1.         0.95516801 0.29835987]\n",
      " [0.45034279 0.44872586 0.43846214 0.95516801 1.         0.2635073 ]\n",
      " [0.50435056 0.47167299 0.46165674 0.29835987 0.2635073  1.        ]]\n",
      "Index([u'wood_add_value', u'ivory_add_value', u'ivory_reduce_value',\n",
      "       u'magic_add_value', u'magic_reduce_value', u'infantry_add_value'],\n",
      "      dtype='object')\n",
      "[[1.         0.70646216 0.80177102 0.17345124 0.9396284  0.73919974]\n",
      " [0.70646216 1.         0.8811064  0.20260567 0.62312784 0.8359659 ]\n",
      " [0.80177102 0.8811064  1.         0.19162429 0.6941589  0.93030836]\n",
      " [0.17345124 0.20260567 0.19162429 1.         0.13322178 0.18090111]\n",
      " [0.9396284  0.62312784 0.6941589  0.13322178 1.         0.73003012]\n",
      " [0.73919974 0.8359659  0.93030836 0.18090111 0.73003012 1.        ]]\n",
      "Index([u'infantry_reduce_value', u'cavalry_add_value', u'cavalry_reduce_value',\n",
      "       u'shaman_add_value', u'wound_infantry_add_value',\n",
      "       u'wound_cavalry_add_value'],\n",
      "      dtype='object')\n",
      "[[1.         0.10269428 0.0476648  0.0443315  0.05741436 0.05995037]\n",
      " [0.10269428 1.         0.81952626 0.86731577 0.87253715 0.81459981]\n",
      " [0.0476648  0.81952626 1.         0.84162201 0.7955329  0.72554096]\n",
      " [0.0443315  0.86731577 0.84162201 1.         0.82769635 0.76368067]\n",
      " [0.05741436 0.87253715 0.7955329  0.82769635 1.         0.89450442]\n",
      " [0.05995037 0.81459981 0.72554096 0.76368067 0.89450442 1.        ]]\n",
      "Index([u'wound_shaman_add_value', u'general_acceleration_add_value',\n",
      "       u'building_acceleration_add_value', u'reaserch_acceleration_add_value',\n",
      "       u'training_acceleration_add_value',\n",
      "       u'training_acceleration_reduce_value'],\n",
      "      dtype='object')\n",
      "[[1.         0.39792166 0.55042869 0.55012299 0.52826471 0.53293317]\n",
      " [0.39792166 1.         0.09256289 0.09702237 0.10212889 0.10576714]\n",
      " [0.55042869 0.09256289 1.         0.71677686 0.74477914 0.74517696]\n",
      " [0.55012299 0.09702237 0.71677686 1.         0.6465235  0.65575851]\n",
      " [0.52826471 0.10212889 0.74477914 0.6465235  1.         0.85220962]\n",
      " [0.53293317 0.10576714 0.74517696 0.65575851 0.85220962 1.        ]]\n",
      "Index([u'treatment_acceleraion_add_value',\n",
      "       u'treatment_acceleration_reduce_value', u'bd_training_hut_level',\n",
      "       u'bd_healing_lodge_level', u'bd_stronghold_level',\n",
      "       u'bd_outpost_portal_level'],\n",
      "      dtype='object')\n",
      "[[1.         0.8250473  0.77351128 0.74309924 0.81203407 0.82098893]\n",
      " [0.8250473  1.         0.75218977 0.74624453 0.81825907 0.85497338]\n",
      " [0.77351128 0.75218977 1.         0.73322168 0.83014456 0.73944987]\n",
      " [0.74309924 0.74624453 0.73322168 1.         0.76402797 0.77306124]\n",
      " [0.81203407 0.81825907 0.83014456 0.76402797 1.         0.81917273]\n",
      " [0.82098893 0.85497338 0.73944987 0.77306124 0.81917273 1.        ]]\n",
      "Index([u'bd_barrack_level', u'bd_healing_spring_level', u'bd_dolmen_level',\n",
      "       u'bd_guest_cavern_level', u'bd_warehouse_level',\n",
      "       u'bd_watchtower_level'],\n",
      "      dtype='object')\n",
      "[[1.         0.51189223 0.69469596 0.50376175 0.49570937 0.53873223]\n",
      " [0.51189223 1.         0.54425507 0.67446675 0.67226225 0.6932974 ]\n",
      " [0.69469596 0.54425507 1.         0.54246196 0.53782029 0.5788247 ]\n",
      " [0.50376175 0.67446675 0.54246196 1.         0.86888221 0.82620516]\n",
      " [0.49570937 0.67226225 0.53782029 0.86888221 1.         0.80884458]\n",
      " [0.53873223 0.6932974  0.5788247  0.82620516 0.80884458 1.        ]]\n",
      "Index([u'bd_magic_coin_tree_level', u'bd_hall_of_war_level',\n",
      "       u'bd_market_level', u'bd_hero_gacha_level', u'bd_hero_strengthen_level',\n",
      "       u'bd_hero_pve_level'],\n",
      "      dtype='object')\n",
      "[[1.         0.57770023 0.38670436 0.37697703 0.35597182 0.27797005]\n",
      " [0.57770023 1.         0.64308567 0.62781562 0.57523141 0.39883721]\n",
      " [0.38670436 0.64308567 1.         0.89407279 0.83964717 0.52795244]\n",
      " [0.37697703 0.62781562 0.89407279 1.         0.87956511 0.53806251]\n",
      " [0.35597182 0.57523141 0.83964717 0.87956511 1.         0.5874815 ]\n",
      " [0.27797005 0.39883721 0.52795244 0.53806251 0.5874815  1.        ]]\n",
      "Index([u'sr_scout_level', u'sr_training_speed_level',\n",
      "       u'sr_infantry_tier_2_level', u'sr_cavalry_tier_2_level',\n",
      "       u'sr_shaman_tier_2_level', u'sr_infantry_atk_level'],\n",
      "      dtype='object')\n",
      "[[1.         0.87487179 0.40087221 0.41466119 0.37059819 0.23145363]\n",
      " [0.87487179 1.         0.41988373 0.42373205 0.42959861 0.26379017]\n",
      " [0.40087221 0.41988373 1.         0.83219588 0.79979455 0.56517303]\n",
      " [0.41466119 0.42373205 0.83219588 1.         0.85636092 0.58091387]\n",
      " [0.37059819 0.42959861 0.79979455 0.85636092 1.         0.62071218]\n",
      " [0.23145363 0.26379017 0.56517303 0.58091387 0.62071218 1.        ]]\n",
      "Index([u'sr_cavalry_atk_level', u'sr_shaman_atk_level',\n",
      "       u'sr_infantry_tier_3_level', u'sr_cavalry_tier_3_level',\n",
      "       u'sr_shaman_tier_3_level', u'sr_troop_defense_level'],\n",
      "      dtype='object')\n",
      "[[1.         0.59903064 0.55456722 0.83513805 0.54189542 0.51524375]\n",
      " [0.59903064 1.         0.64558423 0.58050382 0.83887017 0.59514831]\n",
      " [0.55456722 0.64558423 1.         0.55294254 0.59928139 0.83876252]\n",
      " [0.83513805 0.58050382 0.55294254 1.         0.64591815 0.58628154]\n",
      " [0.54189542 0.83887017 0.59928139 0.64591815 1.         0.67238091]\n",
      " [0.51524375 0.59514831 0.83876252 0.58628154 0.67238091 1.        ]]\n",
      "Index([u'sr_infantry_def_level', u'sr_cavalry_def_level',\n",
      "       u'sr_shaman_def_level', u'sr_infantry_hp_level', u'sr_cavalry_hp_level',\n",
      "       u'sr_shaman_hp_level'],\n",
      "      dtype='object')\n",
      "[[1.         0.42424944 0.40673152 0.38790949 0.02446824 0.01376137]\n",
      " [0.42424944 1.         0.38346812 0.36572403 0.02976822 0.03211138]\n",
      " [0.40673152 0.38346812 1.         0.42074767 0.0242377  0.01547328]\n",
      " [0.38790949 0.36572403 0.42074767 1.         0.01303252 0.02210643]\n",
      " [0.02446824 0.02976822 0.0242377  0.01303252 1.         0.5272518 ]\n",
      " [0.01376137 0.03211138 0.01547328 0.02210643 0.5272518  1.        ]]\n",
      "Index([u'sr_infantry_tier_4_level', u'sr_cavalry_tier_4_level',\n",
      "       u'sr_shaman_tier_4_level', u'sr_troop_attack_level',\n",
      "       u'sr_construction_speed_level', u'sr_hide_storage_level'],\n",
      "      dtype='object')\n",
      "[[1.         0.51878391 0.24021576 0.15976235 0.65792357 0.47311818]\n",
      " [0.51878391 1.         0.32013259 0.18419555 0.6848475  0.63992889]\n",
      " [0.24021576 0.32013259 1.         0.60554733 0.24203912 0.32287163]\n",
      " [0.15976235 0.18419555 0.60554733 1.         0.15052273 0.19612289]\n",
      " [0.65792357 0.6848475  0.24203912 0.15052273 1.         0.53439853]\n",
      " [0.47311818 0.63992889 0.32287163 0.19612289 0.53439853 1.        ]]\n",
      "Index([u'sr_troop_consumption_level', u'sr_rss_a_prod_levell',\n",
      "       u'sr_rss_b_prod_level', u'sr_rss_c_prod_level', u'sr_rss_d_prod_level',\n",
      "       u'sr_rss_a_gather_level'],\n",
      "      dtype='object')\n",
      "[[1.         0.59145211 0.31732719 0.35464197 0.69449329 0.52189744]\n",
      " [0.59145211 1.         0.21276483 0.20026312 0.54847141 0.32532585]\n",
      " [0.31732719 0.21276483 1.         0.51834944 0.32718525 0.39167528]\n",
      " [0.35464197 0.20026312 0.51834944 1.         0.38185952 0.60617708]\n",
      " [0.69449329 0.54847141 0.32718525 0.38185952 1.         0.60954942]\n",
      " [0.52189744 0.32532585 0.39167528 0.60617708 0.60954942 1.        ]]\n",
      "Index([u'sr_rss_b_gather_level', u'sr_rss_c_gather_level',\n",
      "       u'sr_rss_d_gather_level', u'sr_troop_load_level',\n",
      "       u'sr_rss_e_gather_level', u'sr_rss_e_prod_level'],\n",
      "      dtype='object')\n",
      "[[1.         0.69840333 0.48490027 0.52502285 0.46083398 0.13022216]\n",
      " [0.69840333 1.         0.47887303 0.54531946 0.43268148 0.11143096]\n",
      " [0.48490027 0.47887303 1.         0.75378681 0.78139717 0.32457218]\n",
      " [0.52502285 0.54531946 0.75378681 1.         0.76370392 0.2769878 ]\n",
      " [0.46083398 0.43268148 0.78139717 0.76370392 1.         0.3174627 ]\n",
      " [0.13022216 0.11143096 0.32457218 0.2769878  0.3174627  1.        ]]\n",
      "Index([u'sr_outpost_durability_level', u'sr_outpost_tier_2_level',\n",
      "       u'sr_healing_space_level', u'sr_gathering_hunter_buff_level',\n",
      "       u'sr_healing_speed_level', u'sr_outpost_tier_3_level'],\n",
      "      dtype='object')\n",
      "[[1.         0.73105766 0.7236002  0.43468853 0.21341429 0.27829429]\n",
      " [0.73105766 1.         0.73332494 0.38191699 0.14356728 0.24572308]\n",
      " [0.7236002  0.73332494 1.         0.38884866 0.16577355 0.26447492]\n",
      " [0.43468853 0.38191699 0.38884866 1.         0.41811966 0.6542872 ]\n",
      " [0.21341429 0.14356728 0.16577355 0.41811966 1.         0.64460301]\n",
      " [0.27829429 0.24572308 0.26447492 0.6542872  0.64460301 1.        ]]\n",
      "Index([u'sr_alliance_march_speed_level', u'sr_pvp_march_speed_level',\n",
      "       u'sr_gathering_march_speed_level', u'sr_outpost_tier_4_level',\n",
      "       u'sr_guest_troop_capacity_level', u'sr_march_size_level'],\n",
      "      dtype='object')\n"
     ]
    },
    {
     "name": "stdout",
     "output_type": "stream",
     "text": [
      "[[1.         0.00217942 0.00764638 0.00805981 0.12020822 0.06515172]\n",
      " [0.00217942 1.         0.47718563 0.54493474 0.13474916 0.27652008]\n",
      " [0.00764638 0.47718563 1.         0.77685273 0.14135006 0.36452403]\n",
      " [0.00805981 0.54493474 0.77685273 1.         0.19750351 0.44636409]\n",
      " [0.12020822 0.13474916 0.14135006 0.19750351 1.         0.73408852]\n",
      " [0.06515172 0.27652008 0.36452403 0.44636409 0.73408852 1.        ]]\n",
      "Index([u'sr_rss_help_bonus_level', u'pvp_battle_count', u'pve_battle_count',\n",
      "       u'avg_online_minutes', u'pay_price', u'pay_count'],\n",
      "      dtype='object')\n"
     ]
    }
   ],
   "source": [
    "import numpy as np\n",
    "for i in range(15):\n",
    "    data_set_demo11 = data_set.iloc[0:,range(6*i+2,6*i+8)]\n",
    "    data_set_array11 = np.array(data_set_demo11)\n",
    "    print np.corrcoef(data_set_array11, rowvar=0)\n",
    "    print data_set_demo11.columns\n",
    "#print range(len(data_set.columns)//6)"
   ]
  },
  {
   "cell_type": "code",
   "execution_count": 15,
   "metadata": {},
   "outputs": [
    {
     "name": "stdout",
     "output_type": "stream",
     "text": [
      "[[1.         0.19162429 0.6941589  0.93030836 0.15999609 0.40709577]\n",
      " [0.19162429 1.         0.13322178 0.18090111 0.99234252 0.17947738]\n",
      " [0.6941589  0.13322178 1.         0.73003012 0.117826   0.2809237 ]\n",
      " [0.93030836 0.18090111 0.73003012 1.         0.16500697 0.2893575 ]\n",
      " [0.15999609 0.99234252 0.117826   0.16500697 1.         0.10269428]\n",
      " [0.40709577 0.17947738 0.2809237  0.2893575  0.10269428 1.        ]]\n",
      "Index([u'cavalry_reduce_value', u'shaman_add_value',\n",
      "       u'wound_infantry_add_value', u'wound_cavalry_add_value',\n",
      "       u'wound_shaman_add_value', u'general_acceleration_add_value'],\n",
      "      dtype='object')\n"
     ]
    }
   ],
   "source": [
    "import numpy as np\n",
    "data_set_demo11 = data_set.iloc[0:,range(10,16)]\n",
    "data_set_array11 = np.array(data_set_demo11)\n",
    "print np.corrcoef(data_set_array11, rowvar=0)\n",
    "print data_set_demo11.columns"
   ]
  },
  {
   "cell_type": "code",
   "execution_count": 18,
   "metadata": {
    "scrolled": true
   },
   "outputs": [
    {
     "name": "stdout",
     "output_type": "stream",
     "text": [
      "Index([u'user_id', u'register_time', u'wood_add_value', u'magic_reduce_value',\n",
      "       u'infantry_add_value', u'cavalry_reduce_value',\n",
      "       u'wound_infantry_add_value', u'wound_cavalry_add_value',\n",
      "       u'wound_shaman_add_value', u'general_acceleration_add_value',\n",
      "       u'building_acceleration_add_value', u'reaserch_acceleration_add_value',\n",
      "       u'training_acceleration_add_value',\n",
      "       u'training_acceleration_reduce_value',\n",
      "       u'treatment_acceleraion_add_value',\n",
      "       u'treatment_acceleration_reduce_value', u'bd_training_hut_level',\n",
      "       u'bd_healing_lodge_level', u'bd_stronghold_level',\n",
      "       u'bd_outpost_portal_level', u'bd_barrack_level',\n",
      "       u'bd_healing_spring_level', u'bd_dolmen_level',\n",
      "       u'bd_guest_cavern_level', u'bd_warehouse_level', u'bd_watchtower_level',\n",
      "       u'bd_magic_coin_tree_level', u'bd_hall_of_war_level',\n",
      "       u'bd_market_level', u'bd_hero_gacha_level', u'bd_hero_strengthen_level',\n",
      "       u'bd_hero_pve_level', u'sr_scout_level', u'sr_training_speed_level',\n",
      "       u'sr_infantry_tier_2_level', u'sr_cavalry_tier_2_level',\n",
      "       u'sr_shaman_tier_2_level', u'sr_infantry_atk_level',\n",
      "       u'sr_cavalry_atk_level', u'sr_shaman_atk_level',\n",
      "       u'sr_infantry_tier_3_level', u'sr_cavalry_tier_3_level',\n",
      "       u'sr_shaman_tier_3_level', u'sr_troop_defense_level',\n",
      "       u'sr_infantry_def_level', u'sr_cavalry_def_level',\n",
      "       u'sr_shaman_def_level', u'sr_infantry_hp_level', u'sr_cavalry_hp_level',\n",
      "       u'sr_shaman_hp_level', u'sr_infantry_tier_4_level',\n",
      "       u'sr_cavalry_tier_4_level', u'sr_shaman_tier_4_level',\n",
      "       u'sr_troop_attack_level', u'sr_construction_speed_level',\n",
      "       u'sr_hide_storage_level', u'sr_troop_consumption_level',\n",
      "       u'sr_rss_a_prod_levell', u'sr_rss_b_prod_level', u'sr_rss_c_prod_level',\n",
      "       u'sr_rss_d_prod_level', u'sr_rss_a_gather_level',\n",
      "       u'sr_rss_b_gather_level', u'sr_rss_c_gather_level',\n",
      "       u'sr_rss_d_gather_level', u'sr_troop_load_level',\n",
      "       u'sr_rss_e_gather_level', u'sr_rss_e_prod_level',\n",
      "       u'sr_outpost_durability_level', u'sr_outpost_tier_2_level',\n",
      "       u'sr_healing_space_level', u'sr_gathering_hunter_buff_level',\n",
      "       u'sr_healing_speed_level', u'sr_outpost_tier_3_level',\n",
      "       u'sr_alliance_march_speed_level', u'sr_pvp_march_speed_level',\n",
      "       u'sr_gathering_march_speed_level', u'sr_outpost_tier_4_level',\n",
      "       u'sr_guest_troop_capacity_level', u'sr_march_size_level',\n",
      "       u'sr_rss_help_bonus_level', u'pvp_battle_count', u'pve_battle_count',\n",
      "       u'avg_online_minutes', u'pay_price', u'pay_count',\n",
      "       u'prediction_pay_price'],\n",
      "      dtype='object')\n"
     ]
    }
   ],
   "source": [
    "new_data_set = data_set.drop(columns=data_set.columns[[3,4,5,8,9,11]])\n",
    "print new_data_set.columns\n",
    "new_data_set.to_csv(\"youziyuan_0719.csv\",index=None)"
   ]
  },
  {
   "cell_type": "code",
   "execution_count": 17,
   "metadata": {},
   "outputs": [
    {
     "name": "stdout",
     "output_type": "stream",
     "text": [
      "Index([u'user_id', u'register_time', u'wood_add_value', u'ivory_add_value',\n",
      "       u'ivory_reduce_value', u'magic_add_value', u'magic_reduce_value',\n",
      "       u'infantry_add_value', u'infantry_reduce_value', u'cavalry_add_value',\n",
      "       u'cavalry_reduce_value', u'shaman_add_value',\n",
      "       u'wound_infantry_add_value', u'wound_cavalry_add_value',\n",
      "       u'wound_shaman_add_value', u'general_acceleration_add_value',\n",
      "       u'building_acceleration_add_value', u'reaserch_acceleration_add_value',\n",
      "       u'training_acceleration_add_value',\n",
      "       u'training_acceleration_reduce_value'],\n",
      "      dtype='object')\n"
     ]
    }
   ],
   "source": [
    "print data_set.columns[:20]\n",
    "[3,4,5,8,9,11]"
   ]
  }
 ],
 "metadata": {
  "kernelspec": {
   "display_name": "Python 2",
   "language": "python",
   "name": "python2"
  },
  "language_info": {
   "codemirror_mode": {
    "name": "ipython",
    "version": 2
   },
   "file_extension": ".py",
   "mimetype": "text/x-python",
   "name": "python",
   "nbconvert_exporter": "python",
   "pygments_lexer": "ipython2",
   "version": "2.7.15"
  }
 },
 "nbformat": 4,
 "nbformat_minor": 2
}
